100 100
32 32
13
0011111111111
tiles1.bmp
3333333333333333333333333311111111111111111111111111111111111111111111111111111111111111111111111111
3333333333333333333333311111111111111111111111111111111111111111111111111111111111111111111111111111
3333333333333333333333333111111111111111111111111111111111111111111111111111111111111111111111111111
3333333333333333333333333111111111111111133333331333333111333331113333331333333313333331111111111111
3333333333333333333331111111111111111111111131111311111313111113131111111311111113111113111111111111
3333333333331111111111111111111111111111111131111311111313111113131111111311111113111113111111111111
3333331111111111111111111111111111111111111131111333333113333333131111111333311113333331111111111111
3331111111111111111111111111111111111111111131111311111313111113131111111311111113111113111111111111
1111111111111111111111111111111111111111111131111311111313111113131111111311111113111113111111111111
1111111111111111111111111111111111111111111131111311111313111113113333331333333313111113111111111111
1111111111111111111111111111111111111111111111111111111111111111111111111111111111111111111111111111
1111111111111111111111111111111111111111111111111111111111111111111111111111111111111111111111111111
1111111111111111111111111111111111111111111111111111111111111111111111111111111111111111111111111111
1111111111111111111111111111111111111111111111111111111111111111111111111111111111111111111111111111
1111111111111111111111111111111111111111111111111111111111111111111111111111111111111111111111111111
1111111111111111111111111111111111111111111111111111111111111111111111111111111111111111111111111111
1111111111111111111111111111111111111111111111111111111111111111111111111111111111111111111111111111
1111111111111111111111111111111111111111111111111111111111111111111111111111111111111111111111111111
1111111111111111111111111111111111111111111111111111111111111111111111111111111111111111111111111111
1111111111111111111111111111111111111111111111111111111111111111111111111111111111111111111111111111
1111111111111111111111111111111111111111111111111111111111111111111111111111111111111111111111111111
1111111111111111111111111111111111111111111111111111111111111111111111111111111111111111111111111111
1111111111111111111111111111111111111111111111111111111111111111111110000000000000000000000000001111
1111111111111111111111111111111111111111111111111111111111111111111110A0A0A0A0A0A0A0A0A0A0A0A0A01111
1111111111111111111111111111111111111111111111111111111111111111111110000000000000000000000000001111
1111111111111111111111111111111111111111111111111111111111111111111110A0A0A0A0A0A0A0A0A0A0A0A0A01111
1111111111111111111111111111111111111111111111111111111111111111111110000000000000000000000000001111
1111111111111111111111111111111111111111111111111111111111111111111110A0A0A0A0A0A0A0A0A0A0A0A0A01111
1111111111111111111111111111111111111111111111111111111111111111111110000000000000000000000000001111
1111111111111111111111111113131313131313131313131313131131131131131310A0A0A0A0A0A0A0A0A0A0A0A0A01111
1111111111111111111111111130000000000000000000000000000000000000000000000000000000000000000000001111
1111111111111111111111111110131313131313131313131313131313131313131310A0A0A0A0A0A0A0A0A0A0A0A0A01111
1111111111111111111111111130311111111111111111111111111111111111111110000000000000000000000000001111
1111111111111111111111111110111111111111111111111111111111111111111110A0A0A0A0A0A0A0A0A0A0A0A0A01111
1111111111111111111111111130311111111111111111111111111111111111111110000000000000000000000000001111
1111111111111111111111111110111111111111111111111111111111111111111110A0A0A0A0A0A0A0A0A0A0A0A0A01111
1111111111111111111111111130311111111111111111111111111111111111111110000000000000000000000000001111
1111111111111111111111111110111111111111111111111111111111111111111110A0A0A0A0A0A0A0A0A0A0A0A0A01111
1111111111111111111111111130311111111111111111111111111111111111111110000000000000000000000000001111
1111111111111111111111111110111111111111111111111111111111111111111111111111111111110111111111111111
1111111111111111111111111130311111111111111111111111111111111111111111111111111111110111111111111111
1111111111111111111111111110111111111111111111111111111111111111111111111111111111110111111111111111
1111111111111111111111111130311111111111111111111111111111111111111111111111111111110111111111111111
1111111111111111111111111110111111111111111111111111111111111111111111111111111111110111111111111111
1111111111111111111111111130311111111111111111111111111111111111111111111111111111110111111111111111
1111111111111111111111111110111111111111111111111119191919111111111111111111111111110111111111111111
1111111111111111111111111130311111111111111111111000000000011111111111111111111111110111111111111111
1111111111111111111111111110111111111111111111111023232323011111111111111111111111110111111111111111
1111111111111111111111111130311111111111111111111000000000011111111111111111111111110111111111111111
1111111111111111111111111110111111111111111111111111A101A1111111111111111111111111110111111111111111
1111111111111111111111111130311111111111111111111111130311111111111111111111111111110111111111111111
1111111111111111111111111110111111111111111111111111110111111111111111111111111111110111111111111111
1111111111111111111111111130311111111111111111111111130311111111111111111111111111110111111111111111
1111111111111111111111111110111111111111111111111111110111111111111111111111111111110111111111111111
1111111111111111111111111130311111111111111111111111130311111111111111111111111111110111111111111111
1111111111111111111111111110000000000000000000000000000000000000000000000000000000000111111111111111
1111111111111111111111111130311111111111111111111111111111111111111111111111111111110111111111111111
1111111111111111111111111110111111111111111333333333111111111113311111111111111111110111111111111111
1111111111111111111111111130311111111111333333333333333331111333333311111111111111110111111111111111
1111111111111111111111111110111111113333333333333333333333333333333333331111111111110111111111111111
1111111111111111111111111130311111333333333333333333333333333333333333333311111111110111111111111111
11111111111111111111111111101111111333333333333333331C1333333333333111311111111111110111111111111111
1111111111111111111111111130311111133333333333333311111113333333333333333111111111110111111111111111
1111111111111111111111111110111111113333333333333333111333333333333331111111111111110111111111111111
1111111111111111111111111130311111111113333333333311111113333333333311111111111111110111111111111111
1111111111111111111111111110111111111133333333333333313333333333333333331111111111110111111111111111
1111111111111111111111111130311111111111333333333333113333333331111133333331111111110111111111111111
1111111111111111111111111110111111111111133333333331133333333333333333333113111111110111111111111111
1111111111111111111111111130311111111111333333111111111333333333331113333333111111110111111111111111
1111111111111111111111111110111111111111111111111133333333311111333333333331111111110111111111111111
1111111111111111111111111130311111111113333333333333333333333333111133333333333331110111111111111111
1111111111111111111111111110111111111111111113333333333333333333333333333331111111110111111111111111
1111111111111111111111111130311111111111333333333333331111113333333333333333333311110111111111111111
1111111111111111111111111110111111111111111111133333333333333333333333311111111111110111111111111111
1111111111111111111111111130311111112111111333333333333333111111111111111111111111110111111111111111
1111111111111111111111111110111121111111111111111111111111111111111111111111111115110111111111111111
1111111111111111111111111130311411111111111111111111111111111111111111111113112111110111111111111111
1111111111111111111111111110111111113111111113111111111111111111141111111111111111110111111111111111
1111111111111111111111111130311111111111113111111111111111111111111111113111115111110111111111111111
1111111111111111111111111110111113111115111111113111111111112111111111111111111111110111111111111111
1111111111111111111111111130311111111111111112111111411111111111111114111115111131110111111111111111
1111111111111111111111111110111111111211141111121111111112111111121111111111111111110111111111111111
1313131311111111111111111170311113111111111111111111111111111111111111111411111311110111111111111111
0000000000000000000000000000111111111111111111111111111111111113112311111113111113110111111111111111
1313131307111111111111111110112111211111311111111111111111111111111111111111111111110111111111111111
1111111101111111111113111110112111411112111111131111121114111100030003000000000000000111111111111111
1211111101111111121111111210111115111114111111111111111211111909090909090911141113111111112222222221
1111151104111111112111111110111111111144413111131111511411111103000300030114111111113113112222222221
1111111101111111111113111110111411111444441111411111111111111301111111110311111311111111112222222221
1111211101111211131111111210111111111114111111111114111121511101113831110111511115119113112222222221
1311111101131111111112111110711111111111112111131111111111113A0A311011100031111111110111112222222221
111111110111121114111111111000000000000000000000000000000000000000000000B000000000000000000000011111
1211111101111111111141112110111111111111111111111111311111113A0A311111100031111111111111111111111111
1111311101111121111111111110111111111111111111111111111111111100000000001111141111111111111111112111
1111111101111111111111B11110151111111111111111411111112113111113131313131111111111111311111111111111
1111111101121111112111011110111111111111121111111111111111111111111111111111111111111111111111111111
1111121101111131111111011110111111111111111212111112111151111411111111222111111111111111111121111211
1211111101111111111111071110111111211111111111111111111111111111112111222111113111111511111111111111
1111211100000000000000000000111111111411111311111111111131111141111111111111111111111111111114111111
3111111112111111131111113111114111111111111111111151111111111111111113111111111111111111111111111111